0	4
1	4.45
2	8.8
3	11
4	6.9
5	4.2
6	7.8
7	14
8	14
9	11.5
10	15.5
11	26.5
12	32.5
13	24
14	14.5
15	25
16	48
17	55
18	42
19	70
20	230
20.2	270
20.4	410
20.6	380
20.8	350
21	510
21.2	820
21.4	1100
21.6	920
21.8	700
22	895
22.2	1450
22.4	1800
22.6	1600
22.8	1100
23	1200
23.2	1750
23.4	2200
23.6	2000
23.8	1350
24	1100
24.2	1600
24.4	2050
24.6	1900
24.8	1200
25	780
25.2	1100
25.4	1400
25.6	1400
25.8	820
26	450
26.2	520
26.4	685
26.6	660
26.8	390
27	185
28	52
29	26
30	39
31	42
32	29
33	16.5
34	18
35	26
36	25.5
37	16
38	8.4
39	10.5
40	14.5
41	12
42	5.5
43	4.8
44	10.5
45	14
46	10
47	4.35
48	4.2
49	6.9
50	6.8